70 0
186 0
219 0
477 0
530 0
543 0
545 0
636 0
746 0
931 0
940 0
955 0
957 0
1115 0
1281 0
1355 0
1482 0
1753 0
1899 0
1957 0
2445 0
2664 0
2794 0
3067 0
3389 0
3590 0
3710 0
3754 0
3771 0
3863 0
3896 0
3964 0
3970 0
4050 1
4144 1
4232 1
4264 1
4362 1
4403 1
4404 1
4441 1
4473 1
4497 1
4711 1
4807 1
4973 1
5098 1
5100 1
5108 1
5134 1
5169 1
5262 1
5303 1
5396 1
5435 1
5439 1
5571 1
5616 1
5704 1
5714 1
5779 1
5826 1
5977 1
6034 1
6168 1
6234 1
6256 1
6315 1
6327 1
6522 1
6621 1
7029 1
7049 1
7157 1
7221 1
7341 1
7370 1
7497 1
7532 1
7787 1
7850 1
7995 1
8051 2
8098 2
8209 2
8352 2
8359 2
8426 2
8539 2
8552 2
8562 2
8594 2
8758 2
8996 2
8998 2
9045 2
9377 2
9411 2
9426 2
9471 2
9494 2
9506 2
9591 2
9816 2
9898 2
9971 2
10054 2
10064 2
10138 2
10325 2
10376 2
10436 2
10443 2
10454 2
10525 2
10638 2
10676 2
10986 2
10993 2
11054 2
11107 2
11386 2
11539 2
11582 2
11595 2
11601 2
11774 2
11792 2
12004 2
12015 2
12039 2
12267 3
12421 3
12548 3
12840 3
12916 3
12920 3
13035 3
13064 3
13135 3
13262 3
13371 3
13424 3
13541 3
13726 3
13875 3
13918 3
14097 3
14106 3
14319 3
14354 3
14381 3
14418 3
14506 3
14768 3
14825 3
15225 3
15335 3
15572 3
15818 3
15827 3
15873 3
16044 3
16057 3
16156 9812
16213 10977
16249 8700
16296 9687
16322 9177
16393 8248
16399 8248
16421 8248
16425 10193
16451 10193
16501 10193
16658 8162
16696 8162
16788 11646
17204 9913
17215 9913
17283 10367
17307 10367
17556 11985
17789 9141
18057 11686
18081 10017
18143 10017
18187 9301
18402 9172
18530 9513
18719 9156
18859 9491
19150 9522
19201 11807
19404 8599
19460 10180
19556 10863
19739 9444
20162 8114
20264 8827
20439 8418
20488 9105
20489 9105
20600 4657
20811 7621
21061 5754
21156 4036
21229 6712
21452 6183
21509 6183
21377 5137
21750 5965
21796 7330
20955 7330
21864 5758
21889 5758
22431 4107
20785 6771
22480 6771
22670 7988
21203 4146
22755 4146
22818 7525
22976 6588
22978 6588
23422 5815
20586 7014
23479 6313
23536 6313
23816 7895
23855 6738
23993 7970
23998 7970
21989 7374
24080 5183
22772 5183
24115 5183
24174 6137
24235 5019
24288 6760
24254 7343
24385 7343
24437 7909
24749 6841
24886 7878
24984 5265
25011 5265
25015 5265
25089 5290
25287 7049
25325 7049
25327 7049
25378 6716
25398 6716
25486 6925
18834 6925
25638 7583
25650 7583
25809 6665
26005 4406
26023 4406
26024 4406
26029 4406
26219 5256
20564 6645
26326 7956
26333 7956
26415 5055
24627 5822
22135 5822
26640 7382
26658 7382
26723 6491
20774 6491
26802 6208
26832 4727
27289 7300
27362 6058
27501 6408
27684 5980
27709 7455
27739 4558
27803 7248
27809 7248
27959 3355
27980 3355
28022 3355
28341 2675
28440 3011
28456 250
28655 1212
28701 1212
28729 125
28813 2416
28827 3995
28937 1010
28969 1010
29165 1940
29364 2581
29376 2581
28240 2581
29463 733
29480 2535
29597 3883
29630 3645
29634 3645
29648 1564
29698 1164
29730 1164
29878 2337
29976 2874
30007 2874
30042 1593
30165 173
30326 731
30426 266
30568 1470
30569 1470
30700 1320
30780 2734
31001 1288
31029 1288
31052 1288
31297 3958
31430 1269
31538 3916
31708 1970
31921 2036
32008 1804
32053 1804
28153 1804
32143 2584
32183 2584
32223 2864
32253 2864
32396 1662
32402 1662
32441 1662
32586 3343
32844 3233
33060 1100
33134 1100
33141 2100
33168 2100
33251 162
30992 3775
33301 3775
33383 491
33518 2370
33571 803
33665 13120
33854 14141
33882 14141
33918 14141
34044 14524
34068 12444
34094 15320
34114 15320
34205 12860
34232 12181
34324 13147
34335 14844
34399 14974
34527 15189
34707 12063
34950 15503
35120 14757
35141 15497
35207 15727
35239 13361
29140 13361
25566 13361
33794 12174
34921 14173
36079 13959
36179 13434
36268 15456
36278 15456
28449 13640
36341 15289
36430 12229
36634 14978
36696 13405
36762 2057
36765 2057
37046 3382
28827 4164
37240 4164
37453 2432
37461 2432
37511 2432
2 37711
3 37806
1 38058
1 38121
1 38294
1 38377
1 38408
1 38589
1 39057
1 39072
1 39432
1 39510
1 39549
1 39785
1 39825
10977 40078
8700 40124
8700 40164
9687 40245
9177 40348
12028 40413
8815 40754
8815 40772
8162 40836
8162 40850
11646 40929
10856 16953
10856 41270
11705 41501
11705 41539
9913 41603
9923 41137
8720 41667
10367 41837
10367 41841
11374 42009
11985 17527
9548 17605
8835 42456
9141 42534
9141 17849
11346 17941
8614 42830
9301 42962
8990 41871
10992 43088
9172 43142
9172 43173
8330 43264
10115 43451
11499 43612
9175 43650
10181 43663
10181 43753
10273 43801
10273 43805
9676 43865
11121 43937
11587 43951
11587 43964
11587 43965
8444 44150
10604 44206
11756 44216
11756 44244
11756 44261
9040 44301
9040 44320
11304 19141
8296 41152
9522 44429
11807 44545
8599 44669
8599 44717
8599 44738
8293 42411
11165 45087
9444 45220
9444 45240
10735 45422
10735 45447
10735 45459
11181 19911
11525 45758
10350 39857
12041 46118
11982 46166
11982 46221
8827 46298
11444 20301
8418 46397
8418 46413
5874 38064
5874 46556
5874 46558
4657 20577
6984 46643
6984 20640
6984 20684
5687 20886
5754 46837
5754 46854
4328 46882
4036 46905
4036 46940
6105 46859
6105 47009
7397 21359
6183 21493
6011 37892
6011 47185
6011 46727
7448 47244
5137 47263
5137 47271
5137 47287
7330 47341
7330 38077
6658 47436
6658 47464
5504 47577
4730 47600
4730 47649
4730 20992
6459 47677
4107 47780
4293 22541
4293 22524
4146 47978
4145 48130
5632 43540
4170 48294
5815 48459
7014 48526
6313 48565
6313 48570
4286 23635
4286 45046
4286 48641
7173 46530
7484 38014
6693 23789
7895 21234
7895 23839
6738 48885
6738 48912
6738 48917
7374 49020
5183 24046
6137 49067
4807 38062
5019 43598
5019 47294
7343 49211
7679 49249
5942 49344
7414 49400
7414 39752
7414 37970
5926 40530
6841 49455
5634 24899
5634 24917
5290 49622
4382 38080
6925 46560
7583 49784
5693 43844
5203 49870
5203 49896
5203 49921
6665 46561
4526 26134
6645 50124
6645 50126
7956 38078
8007 50162
8008 50286
6491 18159
6497 50399
4727 50466
7619 50504
7644 44364
7300 50590
6408 48932
7686 50758
7686 38898
5623 50793
5980 27687
5980 50829
4558 50852
4558 50854
5073 27776
2675 47333
2675 51009
3011 51074
3011 22166
1212 49102
3005 51265
1300 44082
2418 44917
2781 29277
1226 51743
2581 51783
2535 42785
3883 48349
1564 43785
1564 51999
1564 51902
1164 52102
3123 52273
2874 29968
1993 52456
1593 52489
677 52576
1987 52690
1987 52725
173 30214
173 52767
1722 40078
1722 52846
266 52898
2282 52927
2881 53002
1179 53075
1179 53080
1320 53124
1320 53129
421 53353
1288 31006
1288 31010
1288 31014
34 53574
3958 51792
3958 31332
3921 53664
1269 53737
3916 53823
1679 53893
3606 53974
3606 44299
3606 49798
1147 54140
3280 54196
3280 54215
3280 54219
137 41867
1804 31991
1804 31998
2584 54433
1343 54461
3395 54501
2864 39882
336 32257
2858 37241
2055 32475
3296 54817
627 54879
1133 17494
1133 54937
1133 54956
3419 55472
3419 55499
1414 40117
1100 55642
1100 55648
2100 48762
40 55753
40 55783
3671 55812
1458 55940
162 56031
3775 33306
3107 33339
711 56292
2459 39876
2370 56361
2370 33427
803 56412
15101 56576
15482 44934
14200 56735
15897 56914
12898 56999
15765 57088
15765 57107
14180 56848
15597 57289
15597 57295
12444 57332
15320 52513
12860 57474
12389 57534
13147 57592
13147 57620
14099 57738
15465 57840
15465 57853
15465 57864
12536 57945
15189 57959
14951 57990
15788 57998
15788 34577
15788 58040
13165 58228
15116 46519
15116 58452
12918 34904
12918 58542
12102 58644
14537 58749
14537 58776
14757 58853
14757 35122
15727 56751
13443 59069
13548 59120
12908 57293
12085 56527
13288 59211
12559 57350
12246 59267
12246 59274
12494 59287
12494 59308
13258 56851
13258 56875
14173 59373
14173 59388
12921 40620
15980 59560
13434 59603
13640 37794
15289 34975
12810 36371
12229 59716
12229 36419
15941 59756
12323 56651
12323 59827
12192 39879
13267 59905
